3211,1024,8,254,0,63,255,255,255,255,255
3312,1026,8,254,2,4,255,255,255,255,255
3414,444,8,60,255,255,255,0,255,255,255
3515,1026,8,253,18,191,255,255,255,255,255
3616,1045,8,254,22,63,255,255,255,255,255
3717,31,8,1,0,0,13,44,24,0,3
3818,140,4,0,0,0,64
3918,140,4,0,0,0,64
4020,30,8,16,0,0,0,0,0,0,0
4120,1986,8,128,255,255,255,255,255,255,0
4221,442,3,0,0,0
4322,0,6,1,0,2,0,0,0
4423,0,6,1,0,2,0,0,0
4524,22,1,117
4624,434,3,0,0,255
4725,434,3,0,0,255
4826,434,3,0,0,255
4926,434,3,0,0,255
5027,20,8,0,105,192,0,1,0,12,6
5128,4,8,3,0,0,0,0,0,0,0
5229,144,3,47,34,13
5329,416,8,33,0,1,0,16,80,83,101
5431,416,8,35,110,252,0,183,105,116,105
5532,4,8,3,0,0,0,0,0,0,0
5633,420,8,3,5,4,6,2,1,89,0
5734,992,8,48,8,30,0,0,0,0,0
5834,12,8,0,255,49,64,112,4,0,0
5936,12,8,0,255,49,64,112,4,0,0
6037,12,8,0,255,49,64,112,4,0,0
6137,12,8,0,255,49,64,112,4,0,0
6239,2,8,255,255,255,255,255,255,255,255
6340,2,8,255,255,255,255,255,255,255,255
6441,826,8,0,0,0,0,0,0,0,0
6542,442,3,0,0,0
6642,2,8,255,255,255,255,255,255,255,255
6744,2,8,255,255,255,255,255,255,255,255
6845,44,4,0,0,0,64
6945,20,8,0,103,192,0,0,0,12,6
7047,20,8,0,103,192,0,0,0,12,6
7148,3,8,3,63,255,255,0,239,255,1
7248,1029,8,253,8,63,255,255,255,255,255
7350,3,8,3,63,255,255,0,239,255,1
7451,3,8,3,63,255,255,0,239,255,1
7552,420,8,3,5,34,6,192,137,64,152
7653,3,8,3,63,255,255,0,239,255,1
7754,156,2,128,0
7855,3,8,3,63,255,255,0,239,255,1
7956,44,4,0,0,0,64
8056,546,8,255,255,255,255,0,255,255,192
8158,546,8,255,255,255,255,0,255,255,192
8259,546,8,255,255,255,255,0,255,255,192
8359,546,8,255,255,255,255,0,255,255,192
8461,546,8,255,255,255,255,0,255,255,192
8562,546,8,255,255,255,255,0,255,255,192
8664,546,8,255,255,255,255,0,255,255,192
8765,464,8,3,5,36,6,0,1,203,0
8865,6,5,0,0,0,8,16
8967,802,2,30,0
9067,802,2,30,0
9167,802,2,30,0
9268,802,2,30,0
9369,802,2,30,0
9469,802,2,30,0
9570,802,2,30,0
9671,1032,8,253,9,191,255,255,255,255,255
9772,802,2,30,0
9873,802,2,30,0
9973,802,2,30,0
10074,802,2,30,0
10174,802,2,30,0
10275,266,7,255,255,255,255,255,255,255
10377,266,7,255,255,255,255,255,255,255
10477,266,7,255,255,255,255,255,255,255
10578,9,3,0,0,1
10679,9,3,0,0,1
10780,1025,8,254,1,4,128,128,255,32,0
10881,266,7,255,255,255,255,255,255,255
10982,48,8,0,0,0,0,8,0,169,102
11083,992,8,3,19,4,231,1,194,184,214
11185,12,8,0,255,49,64,112,4,0,0
11285,5,6,0,0,255,255,255,255
11386,5,6,0,0,255,255,255,255
11487,404,2,100,1
11588,12,8,0,255,49,64,112,4,0,0
11688,459,1,2
11790,459,1,2
11890,459,1,2
11991,2006,8,0,0,128,0,0,0,0,0
12092,459,1,2
12192,5,6,0,0,255,255,255,255
12294,459,1,2
12394,10,7,0,0,32,0,0,0,2
12494,10,7,0,0,32,0,0,0,0
12596,23,6,107,0,52,1,23,0
12696,52,2,0,0
12797,23,6,107,0,52,1,23,0
12898,23,6,107,0,52,1,23,0
12999,23,6,107,0,52,1,23,0
13100,23,6,107,0,52,1,23,0
13201,23,6,107,0,52,1,23,0
13301,112,1,8
13403,23,6,107,0,52,1,23,0
13503,1034,8,254,10,63,255,255,255,255,255
13604,178,8,3,57,52,52,255,255,255,255
14109,140,4,0,0,0,64
14210,442,3,0,0,0
14310,1042,8,254,20,191,255,255,255,255,255
14411,464,8,3,3,32,6,0,4,198,0
14513,464,8,3,5,32,6,1,210,198,0
14613,1034,8,254,11,191,255,255,255,255,255
14714,18,6,136,7,223,199,255,0
14816,18,6,136,7,223,199,255,0
14917,18,6,136,7,223,199,255,0
15017,18,6,136,7,223,199,255,0
15119,0,6,3,0,2,0,0,0
15219,22,1,123
15320,434,3,0,0,255
15421,88,7,56,20,241,193,55,121,63
15521,434,3,0,0,255
15623,4,8,3,0,0,0,0,0,0,0
15723,4,8,3,0,0,0,0,0,0,0
15824,144,3,47,34,13
15925,434,3,0,0,255
16026,144,3,47,34,13
16126,4,8,3,0,0,0,0,0,0,0
16228,25,3,0,128,0
16328,4,8,3,0,0,0,0,0,0,0
16429,818,1,0
16530,12,8,0,255,49,64,112,4,0,0
16630,12,8,0,255,49,64,112,4,0,0
16732,12,8,0,255,49,64,112,4,0,0
16833,12,8,0,255,49,64,112,4,0,0
16933,2,8,255,255,255,255,255,255,255,255
17035,2,8,255,255,255,255,255,255,255,255
17136,2,8,255,255,255,255,255,255,255,255
17238,2,8,255,255,255,255,255,255,255,255
17339,442,3,0,0,0
17439,2,8,255,255,255,255,255,255,255,255
17541,2,8,255,255,255,255,255,255,255,255
17642,20,8,0,96,192,0,1,0,12,6
17742,44,4,0,0,0,64
17844,3,8,3,63,255,255,0,239,255,1
17944,44,4,0,0,0,64
18045,416,8,37,111,110,100,101,114,97,114
18147,416,8,39,0,66,101,115,116,228,116
18247,3,8,3,63,255,255,0,239,255,1
18349,3,8,3,63,255,255,0,239,255,1
18450,3,8,3,63,255,255,0,239,255,1
18550,420,8,33,16,78,79,7,16,80,72
18652,3,8,3,63,255,255,0,239,255,1
18753,546,8,255,255,255,255,0,255,255,192
18854,546,8,255,255,255,255,0,255,255,192
18956,546,8,255,255,255,255,0,255,255,192
19056,546,8,255,255,255,255,0,255,255,192
19158,546,8,255,255,255,255,0,255,255,192
19259,154,2,128,0
19359,6,5,0,0,0,8,16
19461,6,5,0,0,0,8,16
19561,6,5,0,0,0,8,16
19662,802,2,30,0
19763,802,2,30,0
19863,802,2,30,0
19963,802,2,30,0
20065,802,2,30,0
20165,802,2,30,0
20265,802,2,30,0
20367,1029,8,253,7,191,255,255,255,255,255
20467,52,2,0,0
20569,802,2,30,0
20669,802,2,30,0
20769,802,2,30,0
20871,802,2,30,0
20971,802,2,30,0
21071,802,2,30,0
21173,266,7,255,255,255,255,255,255,255
21273,416,8,34,101,100,97,116,101,110,12
21374,416,8,36,111,110,101,110,16,0,83
21476,416,8,38,98,101,105,116,101,110,13
21577,2006,8,0,0,128,0,0,0,0,0
21678,12,8,0,255,49,64,112,4,0,0
21779,48,8,0,0,0,0,8,0,169,99
21880,48,8,0,0,0,0,8,0,169,99
21981,12,8,0,255,49,64,112,4,0,0
22082,5,6,0,0,255,255,255,255
22183,5,6,0,0,255,255,255,255
22284,241,2,0,107
22384,5,6,0,0,255,255,255,255
22486,5,6,0,0,255,255,255,255
22587,5,6,0,0,255,255,255,255
22687,5,6,0,0,255,255,255,255
22789,5,6,0,0,255,255,255,255
22889,10,7,0,0,32,0,0,0,0
22990,10,7,0,0,32,0,0,0,0
23091,23,6,107,0,52,1,23,0
23192,23,6,107,0,52,1,23,0
23292,112,1,8
23394,23,6,107,0,52,1,23,0
23494,442,3,0,0,0
23596,1051,8,253,0,191,255,255,255,255,255
23696,1024,8,253,1,63,255,255,255,255,255
23797,23,6,107,0,52,1,23,0
23899,23,6,107,0,52,1,23,0
23999,23,6,107,0,52,1,23,0
24100,23,6,107,0,52,1,23,0
24201,23,6,107,0,52,1,23,0
24302,112,1,8
24402,444,8,101,69,0,217,4,0,22,186
24504,23,6,107,0,52,1,23,0